29 28
1 1 1 1 1 1 1 1 1 1 1 1 1 1 1 1 1 1 1 1 1 1 1 1 1 1 1 1 
1 2 2 2 2 2 2 2 2 2 2 2 2 1 1 2 2 2 2 2 2 2 2 2 2 2 2 1 
1 2 1 1 1 1 2 1 1 1 1 1 2 1 1 2 1 1 1 1 1 2 1 1 1 1 2 1 
1 3 1 0 0 1 2 1 0 0 0 1 2 1 1 2 1 0 0 0 1 2 1 0 0 1 3 1 
1 2 1 0 0 1 2 1 0 0 0 1 2 1 1 2 1 0 0 0 1 2 1 0 0 1 2 1 
1 2 1 1 1 1 2 1 1 1 1 1 2 1 1 2 1 1 1 1 1 2 1 1 1 1 2 1 
1 2 2 2 2 2 2 2 2 2 2 2 2 2 2 2 2 2 2 2 2 2 2 2 2 2 2 1 
1 2 1 1 1 1 2 1 1 2 1 1 1 1 1 1 1 1 2 1 1 2 1 1 1 1 2 1 
1 2 1 1 1 1 2 1 1 2 1 1 1 1 1 1 1 1 2 1 1 2 1 1 1 1 2 1 
1 2 2 2 2 2 2 1 1 2 2 2 2 1 1 2 2 2 2 1 1 2 2 2 2 2 2 1 
1 1 1 1 1 1 2 1 1 1 1 1 0 1 1 0 1 1 1 1 1 2 1 1 1 1 1 1 
0 0 0 0 0 1 2 1 1 1 1 1 0 1 1 0 1 1 1 1 1 2 1 0 0 0 0 0 
0 0 0 0 0 1 2 1 1 0 0 0 0 0 0 0 0 0 0 1 1 2 1 0 0 0 0 0 
0 0 0 0 0 1 2 1 1 0 1 1 1 0 0 1 1 1 0 1 1 2 1 0 0 0 0 0 
1 1 1 1 1 1 2 1 1 0 1 0 0 0 0 0 0 1 0 0 0 2 1 1 1 1 1 1 
0 0 0 0 0 0 2 0 0 0 1 0 0 0 0 0 0 1 0 1 1 2 0 0 0 0 0 0 
1 1 1 1 1 1 2 1 1 0 1 1 1 1 1 1 1 1 0 1 1 2 1 1 1 1 1 1 
0 0 0 0 0 1 2 1 1 0 0 0 0 0 0 0 0 0 0 1 1 2 1 0 0 0 0 0 
1 1 1 1 1 1 2 1 1 0 1 1 1 1 1 1 1 1 0 1 1 2 1 1 1 1 1 1 
1 2 2 2 2 2 2 2 2 2 2 2 2 1 1 2 2 2 2 2 2 2 2 2 2 2 2 1 
1 2 1 1 1 1 2 1 1 1 1 1 2 1 1 2 1 1 1 1 1 2 1 1 1 1 2 1 
1 2 1 1 1 1 2 1 1 1 1 1 2 1 1 2 1 1 1 1 1 2 1 1 1 1 2 1 
1 3 2 2 1 1 2 2 2 2 2 2 2 2 0 0 0 0 0 0 0 0 1 1 2 2 3 1 
1 1 1 2 1 1 2 1 1 2 1 1 1 1 1 1 1 1 2 1 1 0 1 1 2 1 1 1 
1 1 1 2 1 1 2 1 1 2 1 1 1 1 1 1 1 1 2 1 1 0 1 1 2 1 1 1 
1 2 2 2 2 2 2 1 1 2 2 2 2 1 1 2 2 2 2 1 1 0 0 0 0 0 0 1 
1 2 1 1 1 1 1 1 1 1 1 1 2 1 1 2 1 1 1 1 1 1 1 1 1 1 2 1 
1 2 2 2 2 2 2 2 2 2 2 2 2 2 2 2 2 2 2 2 2 2 2 2 2 2 2 1 
1 1 1 1 1 1 1 1 1 1 1 1 1 1 1 1 1 1 1 1 1 1 1 1 1 1 1 1 
4
0 22 8 14 14 0 -1
0 6 9 14 15 0 -1
0 1 12 15 12 -1 0
1 12 12 15 13 0 -1 5
25 26 22 14 0 1 0 0 3
1 150